Date: 09.03.26
Time: 17:37:43
Client: 
Session: 
Device: Neurobit Optima+ 4 USB
Signals: 1
Channel	B
Min	1
Max	20
Unit	uS
SR	15.625
Label	GSR
Sensor	AgAgCl dry
	16.8909  
	16.9342  
	16.8909  
	16.8909  
	16.8732  
	16.8475  
	16.8475  
	16.8298  
	16.7609  
	16.7609  
	16.7438  
	16.7609  
	16.7438  
	16.7181  
	16.7181  
	16.701   
	16.701   
	16.676   
	16.676   
	16.6504  
	16.6083  
	16.6083  
	16.6333  
	16.5912  
	16.5576  
	16.5576  
	16.5912  
	16.5912  
	16.5576  
	16.5411  
	16.5161  
	16.5576  
	16.5411  
	16.5411  
	16.5161  
	16.4911  
	16.4911  
	16.4746  
	16.4746  
	16.4746  
	16.4746  
	16.4496  
	16.4496  
	16.3922  
	16.4331  
	16.4331  
	16.4331  
	16.4087  
	16.4331  
	16.4087  
	16.4087  
	16.3678  
	16.4087  
	16.3922  
	16.3922  
	16.3922  
	16.3922  
	16.3678  
	16.3513  
	16.3678  
	16.3678  
	16.3513  
	16.3513  
	16.3678  
	16.3513  
	16.3513  
	16.3269  
	16.3269  
	16.3104  
	16.3269  
	16.3104  
	16.3678  
	16.3513  
	16.3269  
	16.3269  
	16.3269  
	16.3513  
	16.3678  
	16.3513  
	16.3513  
	16.3269  
	16.3269  
	16.3269  
	16.3269  
	16.3104  
	16.3678  
	16.3513  
	16.3513  
	16.3678  
	16.3104  
	16.3269  
	16.3269  
	16.3269  
	16.3513  
	16.3513  
	16.3269  
	16.3513  
	16.3513  
	16.3104  
	16.3269  
	16.3513  
	16.286   
	16.3104  
	16.286   
	16.3104  
	16.3269  
	16.3104  
	16.286   
	16.3104  
	16.286   
	16.286   
	16.3104  
	16.3269  
	16.3513  
	16.3104  
	16.3104  
	16.3104  
	16.3269  
	16.3269  
	16.3104  
	16.286   
	16.286   
	16.286   
	16.286   
	16.3104  
	16.3269  
	16.3269  
	16.3269  
	16.286   
	16.3678  
	16.3104  
	16.3104  
	16.3269  
	16.3678  
	16.3269  
	16.3513  
	16.3513  
	16.3513  
	16.3678  
	16.3513  
	16.3678  
	16.3269  
	16.3269  
	16.3678  
	16.3678  
	16.3513  
	16.4087  
	16.3678  
	16.4331  
	16.3922  
	16.4331  
	16.3513  
	16.3678  
	16.4087  
	16.3678  
	16.3922  
	16.3513  
	16.3513  
	16.3678  
	16.3269  
	16.4087  
	16.3922  
	16.3678  
	16.3922  
	16.3922  
	16.4087  
	16.3678  
	16.3269  
	16.3922  
	16.3922  
	16.3922  
	16.3922  
	16.4087  
	16.4087  
	16.4331  
	16.4496  
	16.4496  
	16.4746  
	16.5576  
	16.5411  
	16.5576  
	16.6083  
	16.676   
	16.676   
	16.7609  
	16.7181  
	16.7871  
	16.8298  
	16.8732  
	16.8909  
	16.9604  
	16.9342  
	16.9873  
	16.9604  
	17.0044  
	17.0312  
	17.0044  
	17.1204  
	17.1204  
	17.0935  
	17.0935  
	17.1381  
	17.1649  
	17.2101  
	17.1832  
	17.2101  
	17.2101  
	17.1832  
	17.2736  
	17.2101  
	17.1832  
	17.2552  
	17.2101  
	17.2552  
	17.2552  
	17.2284  
	17.1832  
	17.2284  
	17.2552  
	17.2101  
	17.2284  
	17.2284  
	17.2552  
	17.2101  
	17.2284  
	17.2101  
	17.2101  
	17.1649  
	17.1204  
	17.1381  
	17.1381  
	17.1204  
	17.1204  
	17.0935  
	17.0935  
	17.0758  
	17.0758  
	17.0758  
	17.0758  
	17.0935  
	17.049   
	17.0758  
	17.0758  
	17.049   
	17.049   
	17.0044  
	17.0044  
	17.049   
	16.9873  
	16.9604  
	16.9604  
	16.9604  
	16.9342  
	16.9604  
	16.9171  
	16.8732  
	16.8909  
	16.8732  
	16.8298  
	16.8475  
	16.8475  
	16.8475  
	16.8298  
	16.8298  
	16.8475  
	16.8732  
	16.8475  
	16.8298  
	16.7609  
	16.7609  
	16.7871  
	16.7438  
	16.7871  
	16.8298  
	16.8298  
	16.7609  
	16.7438  
	16.7871  
	16.7871  
	16.7438  
	16.7609  
	16.7871  
	16.7871  
	16.7609  
	16.7871  
	16.7871  
	16.7609  
	16.7609  
	16.7871  
	16.7609  
	16.7438  
	16.7609  
	16.7609  
	16.7609  
	16.8042  
	16.7871  
	16.7871  
	16.7871  
	16.8042  
	16.8042  
	16.7438  
	16.7871  
	16.7181  
	16.7609  
	16.7871  
	16.7609  
	16.7609  
	16.7438  
	16.7871  
	16.7871  
	16.7609  
	16.7609  
	16.7181  
	16.7609  
	16.7181  
	16.7438  
	16.701   
	16.701   
	16.676   
	16.6083  
	16.7438  
	16.676   
	16.7181  
	16.6504  
	16.6083  
	16.6333  
	16.5576  
	16.6083  
	16.6083  
	16.6083  
	16.6504  
	16.6333  
	16.6333  
	16.6333  
	16.701   
	16.7181  
	16.7438  
	16.7438  
	16.7181  
	16.7181  
	16.7871  
	16.8298  
	16.8475  
	16.8298  
	16.8298  
	16.8298  
	16.9342  
	16.8909  
	16.8909  
	16.9873  
	16.9604  
	17.0312  
	16.9873  
	17.0044  
	17.049   
	17.0044  
	16.9873  
	17.0312  
	17.0312  
	17.0044  
	17.049   
	16.9873  
	16.9873  
	17.049   
	16.9604  
	16.9873  
	17.049   
	17.0044  
	17.0312  
	16.9873  
	17.0044  
	17.049   
	17.0044  
	17.0044  
	17.0312  
	16.9604  
	16.9604  
	16.9873  
	17.0312  
	17.0044  
	17.0044  
	16.9873  
	16.9604  
	17.0044  
	16.9604  
	16.9873  
	16.9171  
	16.9342  
	16.9171  
	16.9342  
	16.8475  
	16.9342  
	16.8732  
	16.8732  
	16.9171  
	16.9171  
	16.8732  
	16.8732  
	16.8298  
	16.8732  
	16.8475  
	16.8475  
	16.8298  
	16.8298  
	16.8298  
	16.8042  
	16.7871  
	16.8042  
	16.7609  
	16.7609  
	16.7609  
	16.8298  
	16.8298  
	16.8042  
	16.8298  
	16.8298  
	16.8909  
	16.8475  
	16.9171  
	16.9873  
	16.9171  
	16.8909  
	16.9604  
	17.0044  
	16.9604  
	17.0312  
	17.049   
	17.0758  
	17.1204  
	17.0935  
	17.1204  
	17.1381  
	17.1204  
	17.1649  
	17.1649  
	17.2284  
	17.2101  
	17.1832  
	17.2284  
	17.1649  
	17.2101  
	17.2284  
	17.2284  
	17.2284  
	17.2552  
	17.2284  
	17.2552  
	17.2552  
	17.1832  
	17.1649  
	17.2101  
	17.2101  
	17.2101  
	17.2101  
	17.1381  
	17.1832  
	17.1832  
	17.1649  
	17.1381  
	17.1832  
	17.1381  
	17.1381  
	17.0935  
	17.0935  
	17.1204  
	17.0935  
	17.0758  
	17.1204  
	17.0935  
	17.0758  
	17.0935  
	17.1204  
	17.049   
	17.0312  
	17.0312  
	16.9873  
	16.9873  
	17.0312  
	16.9604  
	16.9873  
	16.9873  
	16.9873  
	16.9873  
	16.9604  
	16.9342  
	17.0044  
	17.0044  
	17.0044  
	17.049   
	17.0758  
	17.049   
	17.0935  
	17.1649  
	17.1381  
	17.1649  
	17.2736  
	17.3285  
	17.301   
	17.3743  
	17.4207  
	17.4207  
	17.5134  
	17.5604  
	17.5604  
	17.5793  
	17.6361  
	17.7026  
	17.7313  
	17.6837  
	17.7509  
	17.8284  
	17.8284  
	17.8284  
	17.8473  
	17.8766  
	17.8766  
	17.8961  
	17.8961  
	17.8961  
	17.8766  
	17.8766  
	17.8473  
	17.9254  
	17.8961  
	17.8766  
	17.8766  
	17.9254  
	17.8961  
	17.8473  
	17.8473  
	17.8473  
	17.8766  
	17.8473  
	17.8473  
	17.7991  
	17.7509  
	17.8473  
	17.7991  
	17.7991  
	17.7991  
	17.7991  
	17.7026  
	17.7509  
	17.7991  
	17.7991  
	17.7795  
	17.7313  
	17.655   
	17.6837  
	17.6361  
	17.655   
	17.655   
	17.608   
	17.608   
	17.655   
	17.655   
	17.6361  
	17.608   
	17.6361  
	17.5793  
	17.5793  
	17.5604  
	17.5793  
	17.5793  
	17.5323  
	17.5134  
	17.5134  
	17.5134  
	17.4854  
	17.5604  
	17.5323  
	17.467   
	17.4854  
	17.439   
	17.4207  
	17.3926  
	17.4207  
	17.3926  
	17.3743  
	17.3468  
	17.3285  
	17.2736  
	17.2736  
	17.2284  
	17.301   
	17.2101  
	17.2101  
	17.2552  
	17.2552  
	17.2552  
	17.2552  
	17.2284  
	17.1381  
	17.1381  
	17.1832  
	17.1649  
	17.1381  
	17.1204  
	17.1649  
	17.0935  
	17.1649  
	17.1649  
	17.0758  
	17.0044  
	17.0044  
	17.0312  
	17.049   
	17.0312  
	16.9873  
	16.9873  
	17.0044  
	17.0312  
	16.9873  
	16.9873  
	16.9873  
	17.0044  
	16.9342  
	16.9342  
	16.9171  
	16.8732  
	16.8909  
	16.8732  
	16.9342  
	16.9171  
	16.8909  
	16.8298  
	16.8475  
	16.8475  
	16.8298  
	16.8909  
	16.8732  
	16.8475  
	16.7871  
	16.8042  
	16.8298  
	16.8298  
	16.7871  
	16.7438  
	16.701   
	16.7609  
	16.701   
	16.7609  
	16.7438  
	16.7181  
	16.676   
	16.676   
	16.6504  
	16.6504  
	16.6333  
	16.6333  
	16.6333  
	16.676   
	16.6504  
	16.6504  
	16.6083  
	16.5912  
	16.6333  
	16.6083  
	16.6083  
	16.6083  
	16.5912  
	16.5576  
	16.5411  
	16.6333  
	16.6083  
	16.6504  
	16.5912  
	16.6083  
	16.5912  
	16.6083  
	16.6333  
	16.676   
	16.701   
	16.6504  
	16.676   
	16.7181  
	16.7438  
	16.7438  
	16.7181  
	16.7871  
	16.7438  
	16.7438  
	16.7871  
	16.7871  
	16.8475  
	16.8475  
	16.8732  
	16.8475  
	16.8475  
	16.8732  
	16.8732  
	16.9171  
	16.9342  
	16.9171  
	16.9873  
	16.9604  
	16.9873  
	16.9342  
	16.9873  
	17.0044  
	16.9604  
	16.9342  
	16.9604  
	16.9604  
	16.9873  
	17.0044  
	16.9873  
	17.0312  
	17.0312  
	17.0044  
	17.049   
	17.0758  
	17.049   
	17.049   
	17.0312  
	17.0312  
	17.0312  
	16.9873  
	17.049   
	17.0044  
	17.049   
	17.049   
	17.0758  
	17.0758  
	17.1204  
	17.2101  
	17.1832  
	17.1832  
	17.2284  
	17.301   
	17.2736  
	17.3468  
	17.4207  
	17.467   
	17.5134  
	17.5134  
	17.5323  
	17.608   
	17.7026  
	17.7313  
	17.7795  
	17.7795  
	17.8284  
	17.9254  
	17.9254  
	17.9254  
	18.0042  
	18.0243  
	18.1238  
	18.1036  
	18.0737  
	18.1036  
	18.1744  
	18.1036  
	18.2043  
	18.255   
	18.1543  
	18.2043  
	18.2758  
	18.2758  
	18.2758  
	18.255   
	18.3368  
	18.3063  
	18.3063  
	18.3063  
	18.3368  
	18.3063  
	18.255   
	18.3063  
	18.2758  
	18.2043  
	18.2245  
	18.2245  
	18.2245  
	18.1744  
	18.2245  
	18.3368  
	18.2245  
	18.2043  
	18.1744  
	18.255   
	18.1744  
	18.1036  
	18.1036  
	18.0737  
	18.1036  
	18.0737  
	18.0243  
	18.0542  
	18.0243  
	18.0042  
	18.0243  
	18.0042  
	17.9553  
	17.9254  
	17.8961  
	17.9553  
	17.9553  
	17.9254  
	17.9254  
	17.8766  
	17.8961  
	17.7991  
	17.7991  
	17.8473  
	17.7313  
	17.8284  
	17.6837  
	17.7026  
	17.7313  
	17.6837  
	17.655   
	17.655   
	17.6361  
	17.608   
	17.608   
	17.6361  
	17.6361  
	17.608   
	17.608   
	17.608   
	17.5604  
	17.5134  
	17.6361  
	17.5134  
	17.467   
	17.3926  
	17.4207  
	17.4207  
	17.439   
	17.4207  
	17.3926  
	17.3743  
	17.3926  
	17.3468  
	17.3468  
	17.2736  
	17.2736  
	17.301   
	17.3285  
	17.2736  
	17.2736  
	17.2101  
	17.301   
	17.2284  
	17.2284  
	17.2101  
	17.1832  
	17.1649  
	17.1832  
	17.1649  
	17.1381  
	17.2284  
	17.1649  
	17.1381  
	17.1649  
	17.0935  
	17.1204  
	17.1204  
	17.1204  
	17.1204  
	17.1204  
	17.0935  
	17.0758  
	17.1204  
	17.0935  
	17.0758  
	17.1204  
	17.1832  
	17.1381  
	17.1649  
	17.301   
	17.2736  
	17.2552  
	17.2736  
	17.3468  
	17.4207  
	17.3926  
	17.3926  
	17.3926  
	17.439   
	17.5604  
	17.6837  
	17.5793  
	17.6837  
	17.655   
	17.7313  
	17.7313  
	17.7509  
	17.7991  
	17.8766  
	17.8961  
	18.0042  
	17.9553  
	18.0042  
	18.1238  
	18.1238  
	18.1238  
	18.1238  
	18.1543  
	18.3368  
	18.4607  
	18.4607  
	18.4918  
	18.4918  
	18.4399  
	18.4399  
	18.4088  
	18.3881  
	18.3881  
	18.4088  
	18.3881  
	18.3368  
	18.3368  
	18.3368  
	18.3368  
	18.3368  
	18.3575  
	18.3368  
	18.3575  
	18.3368  
	18.3368  
	18.3575  
	18.3368  
	18.3575  
	18.3575  
	18.3368  
	18.3368  
	18.3368  
	18.3881  
	18.3368  
	18.3368  
	18.3368  
	18.3368  
	18.3063  
	18.255   
	18.2758  
	18.255   
	18.2245  
	18.2245  
	18.2245  
	18.2245  
	18.2043  
	18.1744  
	18.1744  
	18.1543  
	18.1036  
	18.1238  
	18.0737  
	18.0737  
	18.0243  
	18.0243  
	18.0042  
	18.0042  
	18.0243  
	17.9553  
	17.9553  
	17.9553  
	17.9553  
	17.9553  
	17.9254  
	17.9254  
	17.8961  
	17.8961  
	17.8961  
	17.8766  
	17.9254  
	17.8961  
	17.8961  
	17.8961  
	17.8766  
	17.8473  
	17.8766  
	17.8473  
	17.8473  
	17.8473  
	17.8473  
	17.8766  
	17.8961  
	17.8766  
	17.9254  
	17.8961  
	17.9553  
	17.8766  
	17.9553  
	17.9553  
	17.9749  
	18.0243  
	18.0243  
	18.0737  
	18.1238  
	18.1543  
	18.1744  
	18.1543  
	18.255   
	18.255   
	18.255   
	18.2758  
	18.2758  
	18.2758  
	18.3368  
	18.2758  
	18.3063  
	18.3063  
	18.3575  
	18.3063  
	18.3881  
	18.3368  
	18.3368  
	18.3063  
	18.3575  
	18.3575  
	18.3881  
	18.3881  
	18.3368  
	18.3575  
	18.3368  
	18.3575  
	18.3575  
	18.4088  
	18.3368  
	18.2758  
	18.3575  
	18.3575  
	18.3063  
	18.3063  
	18.3368  
	18.3575  
	18.3063  
	18.3368  
	18.2758  
	18.255   
	18.2758  
	18.2758  
	18.2758  
	18.2245  
	18.3368  
	18.255   
	18.2758  
	18.2758  
	18.2758  
	18.255   
	18.2758  
	18.2043  
	18.1543  
	18.2245  
	18.1744  
	18.1543  
	18.1238  
	18.1543  
	18.1543  
	18.1744  
	18.1543  
	18.1238  
	18.1036  
	18.1543  
	18.1238  
	18.0737  
	18.0542  
	18.0042  
	17.9749  
	17.9749  
	17.9254  
	17.9749  
	17.9553  
	17.8961  
	17.8766  
	17.8766  
	17.8961  
	17.8473  
	17.8284  
	17.8284  
	17.7991  
	17.7795  
	17.8766  
	17.8284  
	17.7509  
	17.7313  
	17.7026  
	17.7313  
	17.7026  
	17.6837  
	17.655   
	17.655   
	17.6837  
	17.6837  
	17.6361  
	17.608   
	17.655   
	17.6361  
	17.6837  
	17.608   
	17.608   
	17.5793  
	17.608   
	17.5793  
	17.5793  
	17.5793  
	17.5323  
	17.5604  
	17.5323  
	17.5793  
	17.5323  
	17.4854  
	17.5604  
	17.5604  
	17.5604  
	17.5604  
	17.5793  
	17.5604  
	17.5134  
	17.5323  
	17.5604  
	17.5134  
	17.5134  
	17.5134  
	17.5323  
	17.4854  
	17.467   
	17.5134  
	17.4854  
	17.5134  
	17.467   
	17.5134  
	17.5134  
	17.5323  
	17.4854  
	17.4854  
	17.467   
	17.467   
	17.5134  
	17.467   
	17.467   
	17.4207  
	17.4854  
	17.5134  
	17.5134  
	17.5134  
	17.467   
	17.467   
	17.467   
	17.467   
	17.467   
	17.467   
	17.439   
	17.467   
	17.4207  
	17.467   
	17.5134  
	17.5134  
	17.467   
	17.4207  
	17.467   
	17.467   
	17.4207  
	17.3743  
	17.439   
	17.5323  
	17.467   
	17.4854  
	17.467   
	17.4207  
	17.467   
	17.4207  
	17.467   
	17.5134  
	17.439   
	17.3926  
	17.467   
	17.5134  
	17.467   
	17.439   
	17.3926  
	17.3926  
	17.439   
	17.4207  
	17.4207  
	17.439   
	17.4207  
	17.3743  
	17.3285  
	17.3926  
	17.3743  
	17.301   
	17.3743  
	17.3285  
	17.301   
	17.2552  
	17.2736  
	17.301   
	17.2736  
	17.2552  
	17.2284  
	17.2736  
	17.2284  
	17.2284  
	17.301   
	17.2552  
	17.2101  
	17.2101  
	17.2101  
	17.2284  
	17.2101  
	17.1832  
	17.1381  
	17.1832  
	17.1832  
	17.2284  
	17.2284  
	17.1649  
	17.1832  
	17.1204  
	17.0758  
	17.0758  
	17.0935  
	17.1649  
	17.1832  
	17.1381  
	17.1649  
	17.1381  
	17.2101  
	17.1204  
	17.049   
	17.0312  
	17.049   
	17.0935  
	17.1204  
	17.0935  
	17.0312  
	17.0044  
	17.0044  
	17.0044  
	17.0758  
	17.0758  
	17.049   
	17.0044  
	16.9873  
	16.9604  
	16.9342  
	16.9171  
	16.9604  
	16.9873  
	17.0312  
	17.0758  
	16.9873  
	16.9604  
	16.9171  
	16.9604  
	16.9604  
	16.9873  
	17.1381  
	17.049   
	17.0044  
	17.0044  
	16.9604  
	16.9873  
	16.9873  
	16.9342  
	16.8909  
	16.9171  
	16.8909  
	16.8909  
	16.8909  
	16.8732  
	16.8909  
	16.8909  
	16.8732  
	16.8732  
	16.8732  
	16.8732  
	16.8475  
	16.8298  
	16.8298  
	16.8042  
	16.8042  
	16.8042  
	16.8298  
	16.8042  
	16.7871  
	16.8042  
	16.8475  
	16.8042  
	16.8298  
	16.8042  
	16.7871  
	16.8042  
	16.7871  
	16.7871  
	16.7871  
	16.7609  
	16.7871  
	16.7438  
	16.7609  
	16.7438  
	16.7609  
	16.7438  
	16.7609  
	16.7871  
	16.7609  
	16.7438  
	16.7609  
	16.7609  
	16.7438  
	16.7438  
	16.7181  
	16.7181  
	16.7181  
	16.7181  
	16.7438  
	16.7181  
	16.7438  
	16.7438  
	16.7438  
	16.7438  
	16.701   
	16.8042  
	16.7438  
	16.7181  
	16.7181  
	16.7181  
	16.7181  
	16.7181  
	16.701   
	16.7181  
	16.7181  
	16.7181  
	16.7181  
	16.7438  
	16.7609  
	16.7438  
	16.7871  
	16.8298  
	16.8042  
	16.8732  
	16.8909  
	16.9342  
	17.0044  
	17.0312  
	17.0935  
	17.1649  
	17.2284  
	17.2736  
	17.3285  
	17.3926  
	17.4854  
	17.5134  
	17.5793  
	17.6361  
	17.6837  
	17.7026  
	17.7991  
	17.8284  
	17.8473  
	17.8961  
	17.9254  
	17.9749  
	18.0243  
	18.0542  
	18.0737  
	18.1543  
	18.1543  
	18.2043  
	18.2043  
	18.255   
	18.2758  
	18.2758  
	18.3063  
	18.3368  
	18.3575  
	18.3368  
	18.3368  
	18.3575  
	18.3881  
	18.3881  
	18.3575  
	18.3881  
	18.3881  
	18.3881  
	18.4088  
	18.4399  
	18.4088  
	18.3881  
	18.3575  
	18.4088  
	18.4088  
	18.4088  
	18.3575  
	18.4088  
	18.4088  
	18.4088  
	18.4088  
	18.3575  
	18.3575  
	18.3575  
	18.3575  
	18.3575  
	18.3575  
	18.3368  
	18.2758  
	18.3368  
	18.2758  
	18.2758  
	18.2758  
	18.255   
	18.2758  
	18.2245  
	18.2043  
	18.1744  
	18.2043  
	18.2043  
	18.2043  
	18.1744  
	18.1744  
	18.1744  
	18.1744  
	18.1543  
	18.1238  
	18.1238  
	18.1238  
	18.0542  
	18.0542  
	18.1036  
	18.0737  
	18.0542  
	18.0542  
	18.0243  
	18.0042  
	18.0243  
	18.0042  
	18.0243  
	17.9749  
	17.9254  
	17.9553  
	17.9553  
	17.9553  
	17.9254  
	17.8961  
	17.7991  
	18.0042  
	18.5339  
	18.7677  
	18.8867  
	18.963   
	18.996   
	19.0179  
	19.0509  
	19.0179  
	19.0735  
	19.0735  
	19.0735  
	19.1064  
	19.1064  
	19.0509  
	19.129   
	19.1626  
	19.1852  
	19.1626  
	19.1852  
	19.1626  
	19.1852  
	19.2755  
	19.2529  
	19.2755  
	19.2529  
	19.2755  
	19.3091  
	19.3091  
	19.3323  
	19.3665  
	19.3665  
	19.3665  
	19.3323  
	19.3896  
	19.3896  
	19.3896  
	19.447   
	19.447   
	19.447   
	19.4238  
	19.4238  
	19.4238  
	19.4818  
	19.4818  
	19.447   
	19.4818  
	19.4818  
	19.505   
	19.4818  
	19.5398  
	19.563   
	19.563   
	19.5398  
	19.563   
	19.5398  
	19.563   
	19.563   
	19.6216  
	19.6216  
	19.5984  
	19.6216  
	19.657   
	19.6216  
	19.657   
	19.7162  
	19.7162  
	19.7162  
	19.7516  
	19.7516  
	19.7754  
	19.8114  
	19.8352  
	19.8956  
	19.8956  
	19.9561  
	19.9561  
	19.9561  
	19.9994  
	19.9994  
	19.9994  
	19.9994  
	19.9994  
	19.9994  
	19.9994  
	19.9994  
	19.9994  
	19.9994  
	19.9994  
	19.9994  
	19.9994  
	19.9994  
	19.9994  
	19.9316  
	18.996   
	18.5864  
	18.1744  
	18.0243  
	18.0042  
	18.0542  
	17.9254  
	17.8766  
	17.7991  
	17.7991  
	17.7991  
	17.7509  
	17.7795  
	17.7509  
	17.6837  
	17.6837  
	17.655   
	17.6361  
	17.6361  
	17.608   
	17.5604  
	17.5323  
	17.5134  
	17.4854  
	17.4854  
	17.467   
	17.4854  
	17.439   
	17.3926  
	17.4207  
	17.3926  
	17.3926  
	17.3926  
	17.3743  
	17.3285  
	17.3285  
	17.3285  
	17.301   
	17.2736  
	17.2736  
	17.2552  
	17.2552  
	17.2101  
	17.1649  
	17.2284  
	17.2101  
	17.1649  
	17.1649  
	17.1832  
	17.1832  
	17.1649  
	17.1204  
	17.1381  
	17.0935  
	17.1204  
	17.1204  
	17.1204  
	17.0935  
	17.049   
	17.0758  
	17.049   
	17.049   
	17.049   
	17.049   
	17.0312  
	17.049   
	17.0758  
	17.0935  
	17.1381  
	17.1381  
	17.1832  
	17.2101  
	17.2284  
	17.301   
	17.3468  
	17.3926  
	17.467   
	17.4854  
	17.5323  
	17.5793  
	17.655   
	17.7026  
	17.7509  
	17.7991  
	17.8473  
	17.8961  
	17.9254  
	17.9553  
	17.9553  
	18.0042  
	18.0243  
	18.1036  
	18.0542  
	18.1036  
	18.1238  
	18.1543  
	18.1543  
	18.1543  
	18.2043  
	18.1744  
	18.2043  
	18.1744  
	18.1744  
	18.2043  
	18.2043  
	18.2245  
	18.1744  
	18.1744  
	18.1543  
	18.1543  
	18.1543  
	18.1744  
	18.1543  
	18.1543  
